Date       Open High    Low    Close Volume
11/22/2023 77.84 78.27 77.36 78.01892,035
11/21/2023 77.66 78.15 77.65 77.78751,473
11/20/2023 77.36 78.08 77.12 77.981,087,451
11/17/2023 77.26 77.66 77.05       77.4876,415
11/16/2023 77.46 77.75 76.57 76.791,158,963
11/15/2023    77.2 78.04 77.03 77.571,239,993
11/14/2023 76.84 77.65 76.75 77.131,583,056
11/13/2023 75.99 76.52     75.5 76.071,448,278
11/10/2023 75.43 76.15 75.02 76.121,295,756
11/09/2023 76.59 76.59 74.44 74.881,735,225
11/08/2023 77.19 77.19 75.55 76.14991,906
11/07/2023 77.36 77.44 76.77 77.04769,102
11/06/2023    77.7 77.71 77.12 77.61878,147
11/03/2023 78.12 78.68 77.49 77.521,387,460
11/02/2023    76.5 77.48 76.43 77.471,103,244
11/01/2023    76.3  76.3   75.4 75.991,228,625
10/31/2023 75.81 76.12 75.21        761,620,780
10/30/2023 75.72 76.26 75.46       75.81,504,516
10/27/2023    75.8 76.56 74.55 75.251,662,832
10/26/2023 74.89 77.26 74.89 76.022,451,489
10/25/2023 75.16 75.52 74.17 74.362,571,654
10/24/2023 75.72 76.31 75.03 75.031,420,552
